23	9.76449
24	21.728401
25	10.741544
27	22.439499
29	16.637102
30	19.42964
32	9.9471245
34	11.120289
35	9.345681
36	9.5309725
37	10.538234
38	10.698116
39	10.792126
62	9.316517
64	21.947964
69	13.215603
70	17.124632
72	17.106283
73	39.885353
74	15.262224
75	10.825503
76	44.983467
78	43.268078
79	21.531836
80	23.381866
81	35.04551
82	13.227247
83	26.105608
84	22.302778
85	24.895517
86	16.59096
101	16.328098
102	49.97544
103	13.279393
104	54.216583
105	57.319622
107	37.242844
108	8.779081
109	41.07012
110	44.048496
111	61.08662
112	44.527203
113	52.50609
114	51.00084
115	62.11342
116	55.53409
117	69.014946
119	11.493988
120	12.057044
121	48.910652
122	98.6237
123	9.214177
124	52.386917
125	9.17106
128	14.427151
129	14.86155
130	13.342424
131	18.994099
132	15.533548
133	13.330299
134	20.485882
135	12.85888
136	14.263063
137	13.660801
138	14.280513
139	9.716126
140	12.807843
141	13.52313
143	12.803861
154	17.743946
170	65.65719
172	9.653064
173	9.410862
174	60.53143
175	66.05066
176	73.33134
180	13.423502
183	10.062849
187	16.235823
190	13.262551
191	33.976112
192	57.15206
193	52.402912
194	49.531734
195	18.145084
196	15.385159
197	26.72278
198	31.379993
200	73.10515
201	12.849341
202	27.427326
203	31.987438
204	25.671442
205	30.821781
206	20.29065
207	18.590609
208	28.278566
209	16.082758
210	23.341295
211	36.40379
212	14.813792
213	20.287922
214	27.265665
215	31.503393
216	34.99685
217	19.839367
218	12.187417
219	19.038162
220	33.031597
221	25.997665
222	20.972479
223	52.1069
225	8.834527
226	33.048553
227	21.317596
228	32.33324
229	27.634722
230	12.446305
231	19.417177
232	29.902273
244	23.05855
245	31.981567
246	17.65642
247	19.877699
248	9.55543
249	21.449614
250	24.0884
251	42.032814
252	17.773119
253	9.473665
254	20.154812
255	31.433708
257	25.88334
258	17.380838
260	38.873016
261	37.77204
264	18.6237
265	24.47842
266	24.952461
267	32.743004
268	37.456028
269	29.539124
270	38.651325
271	22.326132
272	52.83815
273	46.62793
274	52.7443
275	43.446156
276	32.332428
277	37.320297
278	64.47062
279	61.174213
280	54.28729
281	15.87652
282	17.734762
283	51.689022
284	23.455828
285	62.973667
286	10.41173
287	41.716774
288	48.557415
289	42.99235
290	38.51039
291	31.025818
292	55.356785
293	58.650246
294	58.063663
295	62.526432
296	48.740715
297	15.909579
298	30.94986
300	44.56976
301	57.115524
302	64.89679
303	54.014114
304	57.25251
305	32.979237
306	36.057472
307	26.138937
308	83.45612
309	45.053055
310	36.109898
311	37.76928
318	16.89777
319	14.912642
320	19.635113
321	15.866951
322	19.938587
323	19.938473
324	19.70238
325	21.166565
326	15.209647
327	14.586808
328	17.001127
329	15.666683
330	15.738196
331	16.570793
332	10.979109
333	21.043074
334	19.011292
335	18.425165
336	16.188719
337	21.435556
338	19.78995
340	9.218276
341	14.280302
342	15.802612
343	23.968102
344	14.270428
345	11.996969
346	13.8034935
347	13.770423
348	13.696386
349	13.32117
350	13.700355
351	13.426917
352	24.04759
353	15.459041
354	12.026346
355	13.838996
356	13.709088
361	14.288637
376	18.84381
377	12.376295
378	13.247895
379	32.79489
380	21.092728
381	51.587353
383	11.349885
384	11.66606
385	46.41171
386	33.711887
387	25.35366
389	66.18188
391	40.397614
405	27.142483
406	47.648476
408	20.476276
409	24.434496
410	21.332535
412	14.166195
413	23.442488
414	22.677824
415	22.09112
416	22.039602
417	23.993443
418	22.801105
419	18.876848
420	18.018744
421	23.474857
422	23.685976
423	22.925812
424	24.149988
425	23.186993
426	15.17467
427	20.340036
428	21.824375
429	23.303576
430	12.968151
431	20.479012
432	15.634768
433	23.81497
434	8.780917
437	17.77282
438	23.110582
439	21.955765
440	19.137829
441	22.56575
442	22.46843
443	22.79873
444	17.019966
445	23.816643
446	20.729757
447	24.66958
448	23.95906
449	22.689377
450	21.668667
451	24.828087
452	23.069706
453	22.528902
454	22.989096
455	22.992476
456	20.275528
457	24.687689
458	22.184675
468	18.456856
471	9.602165
473	18.45304
489	17.28119
490	27.39166
492	39.010246
493	11.7188425
494	30.940662
496	15.148697
497	10.542295
499	25.664948
500	9.929596
505	27.789501
506	11.333222
507	20.000425
508	18.103712
509	15.225672
510	22.682274
511	21.663147
512	12.073986
513	13.172828
526	8.807634
529	18.942354
530	21.041655
531	14.827246
532	20.249865
533	18.318983
534	17.898531
535	14.671801
536	21.961994
537	18.213478
538	24.560751
539	17.632166
540	13.16844
541	17.27768
542	15.335711
543	14.903374
544	11.23957
545	11.4312
546	11.471971
547	19.614723
548	15.763109
549	11.814316
550	16.533531
553	15.118859
563	15.3618145
604	16.39753
605	16.955128
606	15.3747225
607	15.5108185
608	14.421887
609	16.925423
610	15.768189
611	13.133383
612	31.102478
613	9.892914
639	28.278996
640	37.161137
641	33.753887
642	28.549313
643	40.218433
644	39.406425
645	20.858683
646	28.35559
647	30.068106
653	33.264885
654	11.855925
655	17.018967
656	14.501161
658	9.120987
659	15.299938
660	15.549514
661	15.550702
662	8.858099
663	15.484448
664	16.196169
665	13.267176
666	15.570481
667	9.838583
668	10.034142
669	13.29611
670	14.199585
671	19.829689
672	14.014216
673	11.354864
674	14.041132
675	15.865553
676	16.217512
677	20.147442
678	14.740798
679	26.047522
680	29.468102
681	12.153593
682	11.780344
683	20.602346
684	14.106011
685	20.68048
686	31.52
687	14.189147
702	19.642117
703	20.60906
711	9.341216
729	15.060461
739	15.498746
741	20.3862
743	18.922743
744	14.849223
745	16.680176
746	16.676107
765	18.475708
773	11.283658
776	12.022188
778	9.388625
779	10.848592
780	12.139408
792	10.215286
793	23.031311
795	8.924585
797	21.527815
806	9.855278
812	10.267318
822	13.771141
827	34.51606
828	43.53822
829	19.150204
830	25.312767
845	22.426651
846	25.521324
847	24.328852
848	22.714508
849	23.085749
850	23.171064
851	22.294401
852	23.56702
853	22.032032
854	23.682451
858	12.75042
859	14.504153
860	14.499563
861	13.253575
862	14.7570095
863	14.737123
865	8.8672285
866	28.425446
869	10.076357
870	12.684736
871	13.241265
872	13.080325
873	12.763507
874	12.577983
875	12.642455
876	13.380329
877	10.725514
878	13.35259
879	13.635696
880	13.257817
881	13.564394
882	12.278854
892	9.874019
893	13.125116
894	12.950197
895	25.701267
896	27.495256
898	11.822681
900	12.745797
901	16.444757
902	28.552017
915	10.8299055
917	10.863195
918	10.553774
919	10.097824
920	8.794691
922	11.08323
926	20.516712
927	18.76916
928	19.485563
929	21.327219
930	16.934492
931	20.319815
932	22.141556
933	22.597223
934	10.978654
935	21.801392
936	22.222473
937	22.00653
941	35.09443
947	14.61592
948	24.831951
950	31.815378
951	27.266226
952	17.167488
953	28.22864
954	14.634453
955	15.704311
1180	10.695
1181	10.261586
1182	11.805927
1183	9.486471
1186	11.1231
