0	4.857864
1	4.942602
2	4.905697
3	4.838461
4	4.948687
5	4.860177
6	3.3910308
7	5.490282
8	5.200514
9	5.40423
10	5.6527834
11	4.292263
12	0.569324
13	2.756757
14	2.612271
15	4.106984
16	8.052947
17	3.3496249
18	2.95873
19	2.97
20	3.5411289
21	3.552086
22	5.851634
23	9.76449
24	21.728401
25	10.741544
26	5.171214
27	22.439499
28	6.3556037
29	16.637102
30	19.42964
31	8.193213
32	9.9471245
33	6.8334594
34	11.120289
35	9.345681
36	9.5309725
37	10.538234
38	10.698116
39	10.792126
40	8.600418
41	6.3778305
42	4.3956003
43	5.297185
44	4.9493113
45	1.967549
46	3.700249
47	4.3791513
48	1.8339851
49	3.782921
50	3.8025649
51	4.368578
52	3.6986148
53	3.7067711
54	0.96664
55	1.532804
56	0.513756
57	2.8872511
58	1.4661889
59	1.4661889
60	1.794024
61	5.0730023
62	9.316517
63	3.2273183
64	21.947964
65	7.326054
66	2.388136
67	2.413289
68	3.799046
69	13.215603
70	17.124632
71	7.6810665
72	17.106283
73	39.885353
74	15.262224
75	10.825503
76	44.983467
77	4.705975
78	43.268078
79	21.531836
80	23.381866
81	35.04551
82	13.227247
83	26.105608
84	22.302778
85	24.895517
86	16.59096
87	5.1534686
88	3.756545
89	2.824966
90	5.321991
91	3.0172462
92	5.7618294
93	6.4905925
94	3.006443
95	0.895352
96	5.62235
97	2.4493089
98	2.60084
99	2.034468
100	2.453355
101	16.328098
102	49.97544
103	13.279393
104	54.216583
105	57.319622
106	4.336907
107	37.242844
108	8.779081
109	41.07012
110	44.048496
111	61.08662
112	44.527203
113	52.50609
114	51.00084
115	62.11342
116	55.53409
117	69.014946
118	8.438431
119	11.493988
120	12.057044
121	48.910652
122	98.6237
123	9.214177
124	52.386917
125	9.17106
126	0.564468
127	0.564468
128	14.427151
129	14.86155
130	13.342424
131	18.994099
132	15.533548
133	13.330299
134	20.485882
135	12.85888
136	14.263063
137	13.660801
138	14.280513
139	9.716126
140	12.807843
141	13.52313
142	4.128577
143	12.803861
144	1.53021
145	2.782368
146	2.7022529
147	0.544707
148	0.544707
149	0.610144
150	0.610144
151	2.7919521
152	3.3688111
153	7.3627844
154	17.743946
155	6.39668
156	3.3554888
157	4.043153
158	5.684162
159	5.654006
160	6.4339004
161	6.6806526
162	4.374551
163	1.875793
164	5.6242776
165	3.4020329
166	6.097622
167	2.3992488
168	0.566846
169	5.5040503
170	65.65719
171	5.0998936
172	9.653064
173	9.410862
174	60.53143
175	66.05066
176	73.33134
177	0.534378
178	5.4707007
179	8.143388
180	13.423502
181	4.285941
182	7.711434
183	10.062849
184	7.788536
185	2.4196558
186	2.70459
187	16.235823
188	5.942061
189	6.8344746
190	13.262551
191	33.976112
192	57.15206
193	52.402912
194	49.531734
195	18.145084
196	15.385159
197	26.72278
198	31.379993
199	1.079655
200	73.10515
201	12.849341
202	27.427326
203	31.987438
204	25.671442
205	30.821781
206	20.29065
207	18.590609
208	28.278566
209	16.082758
210	23.341295
211	36.40379
212	14.813792
213	20.287922
214	27.265665
215	31.503393
216	34.99685
217	19.839367
218	12.187417
219	19.038162
220	33.031597
221	25.997665
222	20.972479
223	52.1069
224	4.420134
225	8.834527
226	33.048553
227	21.317596
228	32.33324
229	27.634722
230	12.446305
231	19.417177
232	29.902273
233	0.558512
234	1.4412
235	1.419363
236	2.353725
237	2.102433
238	1.086345
239	1.086345
240	1.069642
241	1.474496
242	1.591251
243	1.634135
244	23.05855
245	31.981567
246	17.65642
247	19.877699
248	9.55543
249	21.449614
250	24.0884
251	42.032814
252	17.773119
253	9.473665
254	20.154812
255	31.433708
256	7.268123
257	25.88334
258	17.380838
259	7.500047
260	38.873016
261	37.77204
262	2.736581
263	5.7343473
264	18.6237
265	24.47842
266	24.952461
267	32.743004
268	37.456028
269	29.539124
270	38.651325
271	22.326132
272	52.83815
273	46.62793
274	52.7443
275	43.446156
276	32.332428
277	37.320297
278	64.47062
279	61.174213
280	54.28729
281	15.87652
282	17.734762
283	51.689022
284	23.455828
285	62.973667
286	10.41173
287	41.716774
288	48.557415
289	42.99235
290	38.51039
291	31.025818
292	55.356785
293	58.650246
294	58.063663
295	62.526432
296	48.740715
297	15.909579
298	30.94986
299	4.25774
300	44.56976
301	57.115524
302	64.89679
303	54.014114
304	57.25251
305	32.979237
306	36.057472
307	26.138937
308	83.45612
309	45.053055
310	36.109898
311	37.76928
312	2.714663
313	2.622384
314	2.688287
315	2.786842
316	0.497515
317	1.202944
318	16.89777
319	14.912642
320	19.635113
321	15.866951
322	19.938587
323	19.938473
324	19.70238
325	21.166565
326	15.209647
327	14.586808
328	17.001127
329	15.666683
330	15.738196
331	16.570793
332	10.979109
333	21.043074
334	19.011292
335	18.425165
336	16.188719
337	21.435556
338	19.78995
339	4.963405
340	9.218276
341	14.280302
342	15.802612
343	23.968102
344	14.270428
345	11.996969
346	13.8034935
347	13.770423
348	13.696386
349	13.32117
350	13.700355
351	13.426917
352	24.04759
353	15.459041
354	12.026346
355	13.838996
356	13.709088
357	0.99
358	1.4858351
359	2.9595141
360	2.835632
361	14.288637
362	3.798788
363	0.912082
364	0.912082
365	0.684064
366	0.684064
367	0.897012
368	2.455769
369	0.99
370	3.8628979
371	0.628296
372	0.628296
373	1.1206961
374	3.2144039
375	2.994385
376	18.84381
377	12.376295
378	13.247895
379	32.79489
380	21.092728
381	51.587353
382	4.1420193
383	11.349885
384	11.66606
385	46.41171
386	33.711887
387	25.35366
388	5.815528
389	66.18188
390	7.8597183
391	40.397614
392	5.963383
393	0.603682
394	0.603682
395	4.603207
396	5.422449
397	7.062071
398	7.0470443
399	6.4966917
400	5.088867
401	5.8693933
402	3.4782248
403	2.262647
404	1.123294
405	27.142483
406	47.648476
407	1.453792
408	20.476276
409	24.434496
410	21.332535
411	2.781599
412	14.166195
413	23.442488
414	22.677824
415	22.09112
416	22.039602
417	23.993443
418	22.801105
419	18.876848
420	18.018744
421	23.474857
422	23.685976
423	22.925812
424	24.149988
425	23.186993
426	15.17467
427	20.340036
428	21.824375
429	23.303576
430	12.968151
431	20.479012
432	15.634768
433	23.81497
434	8.780917
435	2.5675468
436	0.514348
437	17.77282
438	23.110582
439	21.955765
440	19.137829
441	22.56575
442	22.46843
443	22.79873
444	17.019966
445	23.816643
446	20.729757
447	24.66958
448	23.95906
449	22.689377
450	21.668667
451	24.828087
452	23.069706
453	22.528902
454	22.989096
455	22.992476
456	20.275528
457	24.687689
458	22.184675
459	1.095148
460	1.717629
461	1.112083
462	0.580145
463	1.840337
464	0.89306
465	0.89306
466	0.558843
467	0.558843
468	18.456856
469	5.857851
470	1.943287
471	9.602165
472	5.939797
473	18.45304
474	6.217121
475	5.147636
476	2.885909
477	1.1164479
478	1.407129
479	1.649133
480	1.476927
481	3.295427
482	4.3115797
483	0.826761
484	4.5199027
485	0.530301
486	2.2126799
487	8.158672
488	6.685144
489	17.28119
490	27.39166
491	5.857758
492	39.010246
493	11.7188425
494	30.940662
495	2.750911
496	15.148697
497	10.542295
498	2.728631
499	25.664948
500	9.929596
501	1.377912
502	1.096056
503	1.362582
504	5.174775
505	27.789501
506	11.333222
507	20.000425
508	18.103712
509	15.225672
510	22.682274
511	21.663147
512	12.073986
513	13.172828
514	4.95
515	4.95
516	4.95
517	4.95
518	4.95
519	4.95
520	0.539148
521	0.539148
522	5.15185
523	1.004128
524	4.722856
525	0.506269
526	8.807634
527	4.8198786
528	8.003776
529	18.942354
530	21.041655
531	14.827246
532	20.249865
533	18.318983
534	17.898531
535	14.671801
536	21.961994
537	18.213478
538	24.560751
539	17.632166
540	13.16844
541	17.27768
542	15.335711
543	14.903374
544	11.23957
545	11.4312
546	11.471971
547	19.614723
548	15.763109
549	11.814316
550	16.533531
551	1.098069
552	3.3399942
553	15.118859
554	4.252896
555	2.942215
556	5.090179
557	4.936672
558	2.334409
559	3.77009
560	0.543084
561	2.5230842
562	6.362262
563	15.3618145
564	1.394685
565	2.200637
566	2.4113011
567	5.926117
568	6.224204
569	6.273555
570	4.960531
571	5.631913
572	2.22874
573	5.3993907
574	4.013591
575	6.047469
576	4.849579
577	3.553613
578	4.758626
579	4.856205
580	3.9591281
581	0.565957
582	3.716761
583	3.620309
584	4.0384808
585	4.061033
586	3.959406
587	2.6250467
588	8.14111
589	7.172555
590	8.057297
591	8.074986
592	1.133145
593	4.45143
594	0.708794
595	0.54874
596	7.3186755
597	0.574463
598	1.346585
599	1.985792
600	2.733164
601	0.634156
602	0.634156
603	0.509828
604	16.39753
605	16.955128
606	15.3747225
607	15.5108185
608	14.421887
609	16.925423
610	15.768189
611	13.133383
612	31.102478
613	9.892914
614	2.7417388
615	8.099501
616	5.4727807
617	1.375344
618	0.806587
619	2.97
620	2.97
621	2.642663
622	2.642663
623	5.4580007
624	6.9372025
625	4.310953
626	2.629033
627	2.5279639
628	0.497525
629	4.8112965
630	3.411519
631	2.650949
632	0.744987
633	3.4359121
634	0.547028
635	1.223101
636	1.040781
637	0.711134
638	0.711134
639	28.278996
640	37.161137
641	33.753887
642	28.549313
643	40.218433
644	39.406425
645	20.858683
646	28.35559
647	30.068106
648	1.54722
649	0.976233
650	2.6206028
651	3.5756352
652	2.702894
653	33.264885
654	11.855925
655	17.018967
656	14.501161
657	7.8236217
658	9.120987
659	15.299938
660	15.549514
661	15.550702
662	8.858099
663	15.484448
664	16.196169
665	13.267176
666	15.570481
667	9.838583
668	10.034142
669	13.29611
670	14.199585
671	19.829689
672	14.014216
673	11.354864
674	14.041132
675	15.865553
676	16.217512
677	20.147442
678	14.740798
679	26.047522
680	29.468102
681	12.153593
682	11.780344
683	20.602346
684	14.106011
685	20.68048
686	31.52
687	14.189147
688	0.575981
689	1.344708
690	1.979208
691	1.9743049
692	2.51361
693	2.51361
694	2.733604
695	1.82125
696	1.928856
697	2.4142082
698	2.545121
699	2.889712
700	1.653719
701	6.996767
702	19.642117
703	20.60906
704	1.886915
705	1.928879
706	1.8369441
707	2.891478
708	4.6382504
709	4.641728
710	6.7776155
711	9.341216
712	3.8121161
713	4.650468
714	7.0498195
715	4.938882
716	5.554277
717	5.9864
718	1.254947
719	3.712749
720	1.9582319
721	4.263852
722	1.486688
723	1.949822
724	1.150543
725	2.336327
726	2.13736
727	0.983463
728	0.983463
729	15.060461
730	4.3268657
731	6.3513637
732	5.674208
733	5.839446
734	5.860155
735	5.939949
736	5.932151
737	5.8420553
738	5.9399996
739	15.498746
740	2.278164
741	20.3862
742	7.022617
743	18.922743
744	14.849223
745	16.680176
746	16.676107
747	0.493429
748	8.04406
749	3.3060222
750	2.393873
751	7.4028234
752	7.020424
753	6.1980867
754	7.0445356
755	8.003014
756	6.0323634
757	7.7498507
758	5.5206966
759	7.1360817
760	7.7731667
761	2.332232
762	0.613954
763	0.613954
764	1.9960079
765	18.475708
766	3.428525
767	1.050143
768	2.224075
769	4.847086
770	3.164382
771	2.65589
772	8.441743
773	11.283658
774	8.650784
775	7.808934
776	12.022188
777	7.634516
778	9.388625
779	10.848592
780	12.139408
781	6.757739
782	0.503279
783	0.503279
784	5.637805
785	1.845645
786	2.493604
787	2.778482
788	8.316175
789	2.8466082
790	7.2134094
791	7.933993
792	10.215286
793	23.031311
794	8.283205
795	8.924585
796	7.746258
797	21.527815
798	2.136188
799	1.313165
800	1.443593
801	0.541672
802	5.206748
803	7.497964
804	3.5570142
805	2.286261
806	9.855278
807	8.653323
808	6.431532
809	6.9961243
810	6.6619005
811	4.222523
812	10.267318
813	0.784605
814	1.271086
815	0.897012
816	0.897012
817	1.017321
818	1.2965331
819	0.91781
820	0.976063
821	0.976063
822	13.771141
823	3.744801
824	0.690242
825	0.690242
826	6.93946
827	34.51606
828	43.53822
829	19.150204
830	25.312767
831	4.6425943
832	3.96
833	3.95818
834	4.445148
835	1.167742
836	3.95818
837	3.311189
838	3.20365
839	1.537837
840	3.8551712
841	3.0338871
842	2.4255428
843	7.0550313
844	6.112904
845	22.426651
846	25.521324
847	24.328852
848	22.714508
849	23.085749
850	23.171064
851	22.294401
852	23.56702
853	22.032032
854	23.682451
855	1.1908879
856	1.423105
857	1.441539
858	12.75042
859	14.504153
860	14.499563
861	13.253575
862	14.7570095
863	14.737123
864	2.1540818
865	8.8672285
866	28.425446
867	7.852968
868	6.5309415
869	10.076357
870	12.684736
871	13.241265
872	13.080325
873	12.763507
874	12.577983
875	12.642455
876	13.380329
877	10.725514
878	13.35259
879	13.635696
880	13.257817
881	13.564394
882	12.278854
883	1.385911
884	1.614538
885	1.565485
886	7.782918
887	7.4986076
888	0.666915
889	5.7756643
890	0.76164
891	0.76164
892	9.874019
893	13.125116
894	12.950197
895	25.701267
896	27.495256
897	3.3585443
898	11.822681
899	6.653956
900	12.745797
901	16.444757
902	28.552017
903	1.3160081
904	3.07046
905	0.506514
906	0.848267
907	0.848267
908	1.523211
909	1.8334069
910	0.890759
911	2.780102
912	3.384787
913	2.7916489
914	3.337092
915	10.8299055
916	8.222429
917	10.863195
918	10.553774
919	10.097824
920	8.794691
921	4.604809
922	11.08323
923	1.773976
924	1.797948
925	1.956028
926	20.516712
927	18.76916
928	19.485563
929	21.327219
930	16.934492
931	20.319815
932	22.141556
933	22.597223
934	10.978654
935	21.801392
936	22.222473
937	22.00653
938	3.0167217
939	1.549973
940	3.833809
941	35.09443
942	6.8854213
943	1.156107
944	0.574021
945	4.235976
946	4.269079
947	14.61592
948	24.831951
949	7.5256495
950	31.815378
951	27.266226
952	17.167488
953	28.22864
954	14.634453
955	15.704311
956	1.531256
957	1.562681
958	1.085518
959	0.507665
960	0.577853
961	0.989893
962	0.989893
963	3.184427
964	0.937208
965	4.027531
966	0.701844
967	6.2419567
968	5.769417
969	4.9382668
970	5.6829023
971	5.815525
972	5.7415457
973	5.7540236
974	0.622308
975	1.51932
976	0.907376
977	0.907376
978	0.987794
979	1.93592
980	0.492465
981	1.060626
982	0.895184
983	0.976495
984	0.976495
985	3.9712532
986	3.608598
987	0.497359
988	5.1260967
989	0.499388
990	3.2069871
991	3.645202
992	4.594809
993	0.891214
994	1.505775
995	0.760966
996	1.9933751
997	0.571396
998	0.571396
999	1.814069
1000	1.8731589
1001	1.847518
1002	0.506668
1003	2.517481
1004	7.485731
1005	0.559436
1006	2.562432
1007	4.662775
1008	4.671487
1009	4.195293
1010	4.557895
1011	4.281232
1012	6.801265
1013	0.897801
1014	0.540909
1015	0.540909
1016	2.380689
1017	1.9148319
1018	2.5213828
1019	2.4122381
1020	1.765383
1021	6.1573358
1022	0.489425
1023	0.495773
1024	3.7177029
1025	1.3475
1026	2.897706
1027	4.049571
1028	2.6649098
1029	4.359345
1030	2.238347
1031	6.506898
1032	6.707988
1033	2.475683
1034	5.9399996
1035	7.0441294
1036	5.9399996
1037	6.516844
1038	5.9399996
1039	4.785614
1040	4.844953
1041	4.776552
1042	4.3224554
1043	4.706339
1044	1.060373
1045	0.909369
1046	0.909369
1047	3.903843
1048	2.7595701
1049	2.7815201
1050	4.670189
1051	2.7894359
1052	7.3178506
1053	3.8930202
1054	4.854067
1055	4.6185703
1056	0.940257
1057	0.99
1058	0.99
1059	2.027431
1060	3.16616
1061	2.235007
1062	1.755098
1063	2.6637821
1064	4.3804398
1065	0.509649
1066	1.055745
1067	1.010564
1068	1.64924
1069	2.9209661
1070	4.079331
1071	4.151226
1072	3.6443152
1073	2.739317
1074	1.325994
1075	2.446104
1076	1.799741
1077	3.765554
1078	1.8072929
1079	1.7251151
1080	1.664872
1081	3.734695
1082	5.400859
1083	3.925668
1084	5.0627813
1085	1.046783
1086	0.710162
1087	0.710162
1088	2.589243
1089	0.562265
1090	0.99
1091	0.710751
1092	0.710751
1093	0.985941
1094	2.455292
1095	1.928232
1096	2.18983
1097	2.192094
1098	5.00097
1099	7.7051487
1100	0.99
1101	0.99
1102	0.897012
1103	0.897012
1104	2.5518749
1105	3.6760209
1106	1.81692
1107	1.8567879
1108	0.99
1109	0.99
1110	0.581269
1111	0.581269
1112	0.526315
1113	3.8729372
1114	1.5695829
1115	2.493496
1116	0.540412
1117	1.0169389
1118	0.614032
1119	0.614032
1120	1.8541139
1121	1.6470599
1122	2.6033099
1123	1.5972669
1124	1.5888821
1125	1.44537
1126	0.556703
1127	7.4273996
1128	6.9299994
1129	6.9299994
1130	6.9299994
1131	6.9299994
1132	0.526198
1133	0.499379
1134	2.960556
1135	2.521182
1136	3.2866108
1137	0.503279
1138	0.503279
1139	0.891904
1140	2.046136
1141	0.503279
1142	0.503279
1143	6.036344
1144	5.920394
1145	4.260189
1146	4.843737
1147	5.6279125
1148	3.297905
1149	5.213279
1150	1.55881
1151	0.654837
1152	0.654837
1153	0.57493
1154	1.8361881
1155	0.805679
1156	0.805679
1157	0.639398
1158	0.639398
1159	0.567731
1160	1.557731
1161	0.894317
1162	0.894317
1163	1.978292
1164	1.98
1165	1.978292
1166	1.6975939
1167	1.98
1168	2.4739962
1169	2.646261
1170	1.228906
1171	5.986965
1172	5.2580433
1173	0.566898
1174	2.054936
1175	1.745278
1176	0.848645
1177	0.848645
1178	0.511416
1179	0.511416
1180	10.695
1181	10.261586
1182	11.805927
1183	9.486471
1184	5.5424247
1185	7.92557
1186	11.1231
1187	0.762913
1188	0.762913
1189	2.770093
1190	6.618855
1191	3.721862
1192	2.817954
1193	1.076694
1194	5.6010203
1195	1.537837
1196	0.99
1197	0.99
1198	1.4531109
1199	0.510679
1200	0.50312
1201	0.50312
1202	3.020365
1203	3.176187
1204	0.99
1205	0.99
1206	2.001118
1207	2.5018232
1208	0.850556
1209	1.659909
1210	0.610633
1211	0.58045
1212	3.582296
1213	4.546065
1214	4.350428
1215	5.6112633
1216	5.946225
1217	3.0930598
1218	5.24839
1219	5.8057804
1220	4.93752
1221	0.887428
1222	1.2578061
1223	4.11713
1224	1.489687
1225	1.19432
1226	0.897012
1227	4.030175
1228	4.762652
1229	3.871102
1230	5.234269
1231	4.295355
1232	4.752474
1233	0.50481
1234	1.014146
1235	2.620065
1236	1.98
1237	3.875877
1238	3.7669477
1239	3.397412
1240	0.789312
1241	0.789312
1242	2.834915
1243	0.503279
1244	0.503279
1245	0.979591
1246	0.979591
1247	0.986752
1248	0.986752
1249	2.7553349
1250	2.89353
1251	2.787854
1252	2.835635
1253	0.569351
1254	0.915139
1255	1.806022
1256	0.84565
1257	0.84565
1258	1.534762
1259	2.4375439
1260	0.888108
1261	0.888108
1262	2.261889
1263	3.873313
1264	1.972256
1265	0.897012
1266	0.897012
1267	3.8760822
1268	1.314285
1269	1.3359749
1270	2.522978
1271	1.319875
1272	0.548883
1273	0.948126
1274	0.724351
1275	0.724351
1276	3.633286
1277	1.303985
1278	0.566898
1279	0.530682
1280	1.877161
1281	1.87381
1282	0.495923
1283	1.468493
1284	0.738986
1285	0.498059
1286	0.777025
1287	0.890883
1288	0.503279
1289	0.503279
1290	0.946846
1291	0.946846
1292	0.99
1293	0.99
1294	6.7590747
1295	6.4941497
1296	6.5807185
1297	6.2049227
1298	6.8132854
1299	6.541237
1300	6.7446337
1301	6.750057
1302	3.874096
1303	5.072576
1304	2.289874
1305	0.550328
1306	0.567666
1307	1.084386
1308	0.890407
1309	0.99
1310	0.99
1311	0.549265
1312	0.547216
1313	3.237134
1314	0.566898
1315	2.198834
1316	0.499635
1317	2.450612
1318	2.243084
1319	2.272238
1320	4.9505596
1321	0.896253
1322	0.896253
1323	0.566898
1324	0.566898
1325	0.871748
1326	0.871748
1327	0.534223
1328	0.545036
1329	3.031076
1330	0.601645
1331	1.115773
1332	0.784159
1333	0.784159
1334	0.777743
1335	0.777743
1336	1.0844071
1337	0.547352
1338	1.040334
1339	4.2722697
1340	0.527546
1341	1.98
1342	1.9309471
1343	0.549159
1344	0.874699
1345	0.926761
1346	0.926761
1347	2.344889
1348	0.976713
1349	0.976713
1350	0.503279
1351	0.503279
1352	0.614561
1353	1.80739
1354	0.4965
1355	1.133496
1356	2.4353611
1357	0.582399
1358	0.989634
1359	0.989634
1360	1.951288
1361	2.593379
1362	2.522341
1363	0.879047
1364	0.879047
1365	0.745105
1366	0.745105
1367	1.9808099
1368	0.805027
1369	1.795027
1370	3.316382
1371	1.065339
1372	1.940917
1373	0.562501
1374	0.56255
1375	0.56255
1376	0.72798
1377	0.72798
1378	0.890996
1379	0.890996
1380	0.81479
1381	1.320782
1382	0.493131
1383	0.897012
1384	1.577147
1385	1.639467
1386	1.236614
1387	1.144827
1388	4.4606094
1389	3.9002762
1390	4.433467
1391	2.212687
1392	4.489777
1393	4.338164
1394	0.916672
1395	3.160676
1396	1.698415
1397	1.692878
1398	3.258419
1399	0.562172
1400	0.566164
1401	0.99
1402	0.631342
1403	0.631342
1404	0.575502
1405	1.508645
1406	1.778558
1407	2.782755
1408	2.748251
1409	0.897012
1410	1.63072
1411	0.93544
1412	0.93544
1413	0.537011
1414	0.537011
1415	3.873634
1416	3.855673
1417	3.86731
1418	3.7740018
1419	3.1486719
1420	2.439031
1421	3.560206
1422	3.203135
1423	2.540986
1424	0.572681
1425	0.556179
1426	0.89289
1427	0.89289
1428	0.497793
1429	3.3140438
1430	0.567953
1431	0.535142
1432	0.535142
1433	4.44901
1434	0.58066
1435	0.58066
1436	1.2632561
1437	0.552326
1438	2.683854
1439	0.575213
1440	0.575674
1441	1.974411
1442	0.897012
1443	0.897012
1444	1.590056
1445	1.400487
1446	0.688483
1447	0.774746
1448	0.774746
1449	0.573046
1450	1.221459
1451	1.786971
1452	1.633388
1453	1.640441
1454	1.634928
1455	4.023519
1456	0.566576
1457	0.69284
1458	0.69284
1459	1.98
1460	0.506737
1461	0.764216
1462	0.764216
1463	0.847255
1464	0.897012
1465	1.46391
1466	0.501985
1467	0.501985
1468	0.496846
1469	1.792203
1470	1.87376
1471	1.8716071
1472	0.503279
1473	0.503279
1474	0.568161
1475	0.616493
1476	0.546742
1477	0.546742
1478	0.57169
1479	0.57169
1480	0.898713
1481	0.898713
1482	0.633147
1483	1.06979
1484	2.2026849
1485	0.496028
1486	0.897012
1487	0.72171
1488	0.72171
1489	1.725035
1490	0.579019
1491	0.95769
1492	0.95769
1493	1.808656
1494	1.564193
1495	1.864672
1496	1.53217
1497	1.4621019
1498	1.7640729
1499	0.705429
1500	1.49605
1501	2.025272
1502	0.643619
1503	0.648413
1504	0.573122
1505	0.573122
1506	0.832849
1507	0.832849
1508	0.503279
1509	0.541524
1510	0.8586
1511	0.8586
1512	0.881526
1513	0.932076
1514	0.932076
1515	0.918578
1516	0.918578
1517	0.689147
1518	0.689147
1519	0.570831
1520	0.570831
1521	1.045412
1522	0.570394
1523	1.2085301
1524	0.769236
1525	0.579627
1526	2.9666991
1527	0.503279
1528	0.503279
1529	0.571375
1530	4.0095663
1531	0.897012
1532	0.810612
1533	0.787091
1534	0.566898
1535	0.628963
1536	0.5429
1537	0.5429
1538	1.385247
1539	0.533383
1540	1.448106
1541	1.799183
1542	0.799471
1543	1.714757
1544	1.42012
1545	0.558106
1546	0.558106
1547	0.975901
1548	0.975901
1549	0.547803
1550	0.547803
1551	1.310621
1552	0.517801
1553	0.517801
1554	0.842362
1555	0.565096
1556	1.4756551
1557	0.565138
1558	1.041047
1559	0.495835
1560	0.604588
1561	0.604588
1562	0.894603
1563	0.894603
1564	2.607073
1565	0.614769
1566	0.978487
1567	0.978487
1568	1.1470261
1569	1.082884
1570	0.897012
1571	0.897012
1572	0.566931
1573	0.882688
1574	1.78619
1575	2.435401
1576	1.066052
1577	0.99
1578	0.891006
1579	0.891006
1580	0.890843
1581	0.545169
1582	0.545169
1583	0.958373
1584	1.119343
1585	0.897404
1586	0.897404
1587	0.494813
1588	0.498547
1589	1.075443
1590	0.568771
1591	1.548142
1592	0.486004
1593	0.919231
1594	0.919231
1595	0.528454
1596	0.99
1597	0.99
1598	0.56258
1599	0.910559
1600	1.5010481
1601	1.88165
1602	0.99
1603	0.568245
1604	0.833335
1605	0.566898
1606	0.835767
1607	1.794685
1608	0.550603
1609	0.99
1610	0.99
1611	0.895183
1612	0.895183
1613	0.979371
1614	0.897012
1615	0.897012
1616	0.575021
1617	0.729873
1618	0.566898
1619	0.895047
1620	0.895047
1621	0.92109
